## Ra=0
## Ta=0
## Ty=0
##  epsilon=0.4
##  Lambda=1
## res_x=         128
## res_y=         128
## res_z=          72
##
       0.0000000       0.0000000
       1.0226633   7.1145796e-05
       2.0453356      0.12549430
       3.0005166       13.007378
       4.0000760       13.194995
       5.0002353       13.269223
       6.0000619       13.308939
       7.0007848       13.333374
       8.0005327       13.349911
       9.0000611       13.361917
       10.000371       13.371104
       11.000600       13.378459
       12.000325       13.384659
       13.000922       13.390207
       14.000635       13.395442
       15.000656       13.400585
       16.000543       13.405736
       17.000767       13.410918
       18.000192       13.416090
       19.000700       13.421195
       20.000914       13.426144
       21.000604       13.430852
       22.000090       13.435244
       23.000102       13.439264
       24.000673       13.442871
       25.000148       13.446035
       26.000820       13.448763
       27.000479       13.451058
       28.000673       13.452947
       29.000729       13.454458
       30.001126       13.455624
       31.001059       13.456480
       32.000800       13.457059
       33.000531       13.457396
       34.000107       13.457523
       35.000676       13.457471
       36.000881       13.457271
       37.000540       13.456959
       38.000502       13.456568
       39.000059       13.456139
       40.000975       13.455713
       41.000826       13.455334
       42.000463       13.455048
       43.000386       13.454900
       44.000562       13.454931
       45.000323       13.455177
       46.000937       13.455665
       47.000697       13.456411
       48.000066       13.457421
       49.000366       13.458688
       50.000292       13.460194
       51.000593       13.461909
       52.000649       13.463798
       53.000852       13.465819
       54.000326       13.467928
       55.000490       13.470082
       56.000395       13.472237
       57.000278       13.474356
       58.000402       13.476406
       59.001063       13.478361
       60.000168       13.480196
       61.000142       13.481901
       62.000789       13.483467
       63.000539       13.484889
       64.000772       13.486172
       65.000516       13.487319
       66.000057       13.488340
       67.000926       13.489246
       68.001026       13.490049
       69.000679       13.490760
       70.000193       13.491393
       71.001064       13.491961
       72.000348       13.492472
       73.001122       13.492940
       74.000303       13.493370
       75.000341       13.493771
       76.000060       13.494150
       77.000693       13.494511
       78.001085       13.494857
       79.000107       13.495192
       80.000191       13.495519
       81.000219       13.495837
       82.000271       13.496148
       83.000432       13.496453
       84.000796       13.496752
       85.000304       13.497044
       86.000229       13.497330
       87.000682       13.497608
       88.000627       13.497880
       89.000192       13.498145
       90.000647       13.498402
       91.000970       13.498652
       92.000150       13.498894
       93.000589       13.499129
       94.000136       13.499356
       95.000047       13.499576
       96.000436       13.499789
       97.000287       13.499994
       98.000837       13.500192
       99.001066       13.500384
       100.00108       13.500569
       101.00096       13.500747
       102.00083       13.500919
       103.00075       13.501084
       104.00083       13.501244
       105.00003       13.501398
       106.00066       13.501546
       107.00057       13.501688
       108.00095       13.501826
       109.00077       13.501958
       110.00010       13.502085
       111.00013       13.502206
       112.00093       13.502324
       113.00034       13.502436
       114.00068       13.502544
       115.00088       13.502647
       116.00104       13.502747
       117.00010       13.502841
       118.00037       13.502932
       119.00080       13.503019
       120.00036       13.503102
       121.00024       13.503182
       122.00051       13.503258
       123.00013       13.503330
       124.00029       13.503399
       125.00107       13.503465
       126.00031       13.503528
       127.00033       13.503588
       128.00008       13.503645
       129.00077       13.503700
       130.00023       13.503751
       131.00080       13.503801
       132.00029       13.503848
       133.00105       13.503893
       134.00090       13.503936
       135.00105       13.503976
       136.00045       13.504016
       137.00033       13.504053
       138.00075       13.504089
       139.00068       13.504124
       140.00018       13.504157
       141.00049       13.504189
       142.00055       13.504220
       143.00044       13.504250
       144.00023       13.504280
       145.00001       13.504309
       146.00102       13.504337
       147.00104       13.504365
       148.00012       13.504393
       149.00068       13.504420
       150.00047       13.504448
       151.00072       13.504475
       152.00004       13.504502
       153.00059       13.504530
       154.00074       13.504558
       155.00064       13.504586
       156.00044       13.504614
       157.00026       13.504643
       158.00018       13.504673
       159.00033       13.504703
       160.00083       13.504733
       161.00063       13.504764
       162.00104       13.504796
       163.00100       13.504829
       164.00063       13.504862
       165.00004       13.504896
       166.00051       13.504930
       167.00099       13.504966
       168.00039       13.505002
       169.00118       13.505039
       170.00108       13.505076
       171.00020       13.505114
       172.00100       13.505153
       173.00118       13.505193
       174.00083       13.505233
       175.00003       13.505274
       176.00006       13.505315
       177.00098       13.505357
       178.00048       13.505400
       179.00101       13.505443
       180.00025       13.505487
       181.00067       13.505531
       182.00111       13.505576
       183.00042       13.505621
       184.00108       13.505666
       185.00071       13.505712
       186.00058       13.505759
       187.00073       13.505805
       188.00121       13.505853
       189.00083       13.505900
       190.00085       13.505947
       191.00008       13.505995
       192.00020       13.506043
       193.00073       13.506092
       194.00045       13.506140
       195.00063       13.506189
       196.00006       13.506238
       197.00002       13.506287
       198.00052       13.506336
       199.00038       13.506385
       200.00084       13.506435
       201.00073       13.506484
       202.00006       13.506534
       203.00010       13.506584
       204.00086       13.506634
       205.00117       13.506683
       206.00106       13.506733
       207.00055       13.506783
       208.00089       13.506833
       209.00090       13.506883
       210.00061       13.506933
       211.00005       13.506983
       212.00046       13.507033
       213.00065       13.507083
       214.00067       13.507133
       215.00054       13.507183
       216.00029       13.507232
       217.00115       13.507282
       218.00075       13.507332
       219.00033       13.507382
       220.00110       13.507431
       221.00072       13.507481
       222.00039       13.507530
       223.00016       13.507580
       224.00005       13.507629
       225.00009       13.507679
       226.00031       13.507728
       227.00074       13.507777
       228.00023       13.507826
       229.00117       13.507875
       230.00005       13.507924
       231.00043       13.507972
       232.00117       13.508021
       233.00112       13.508069
       234.00032       13.508118
       235.00113       13.508166
       236.00007       13.508214
       237.00069       13.508262
       238.00066       13.508310
       239.00003       13.508358
       240.00115       13.508405
       241.00056       13.508453
       242.00061       13.508500
       243.00018       13.508547
       244.00044       13.508594
       245.00028       13.508641
       246.00087       13.508688
       247.00108       13.508735
       248.00095       13.508781
       249.00050       13.508828
       250.00093       13.508874
       251.00109       13.508920
       252.00101       13.508966
       253.00074       13.509012
       254.00028       13.509058
       255.00083       13.509104
       256.00010       13.509149
       257.00044       13.509194
       258.00070       13.509240
       259.00091       13.509285
       260.00110       13.509330
       261.00012       13.509375
       262.00033       13.509419
       263.00059       13.509464
       264.00092       13.509509
       265.00020       13.509553
       266.00076       13.509597
       267.00032       13.509641
       268.00006       13.509686
       269.00116       13.509730
       270.00016       13.509773
       271.00058       13.509817
       272.00011       13.509861
       273.00111       13.509905
       274.00011       13.509948
       275.00062       13.509992
       276.00033       13.510035
       277.00044       13.510078
       278.00097       13.510121
       279.00078       13.510164
       280.00105       13.510207
       281.00063       13.510250
       282.00073       13.510293
       283.00018       13.510336
       284.00019       13.510379
       285.00076       13.510421
       286.00076       13.510464
       287.00020       13.510506
       288.00028       13.510549
       289.00100       13.510591
       290.00005       13.510633
       291.00097       13.510675
       292.00025       13.510718
       293.00026       13.510760
       294.00101       13.510802
       295.00018       13.510844
       296.00013       13.510885
       297.00088       13.510927
       298.00009       13.510969
       299.00013       13.511011
       300.00103       13.511052
       301.00042       13.511094
       302.00070       13.511135
       303.00069       13.511176
       304.00041       13.511218
       305.00106       13.511259
       306.00027       13.511300
       307.00043       13.511341
       308.00038       13.511382
       309.00012       13.511423
       310.00085       13.511464
       311.00020       13.511504
       312.00058       13.511545
       313.00079       13.511585
       314.00085       13.511626
       315.00076       13.511666
       316.00054       13.511706
       317.00020       13.511746
       318.00094       13.511786
       319.00038       13.511826
       320.00091       13.511866
       321.00016       13.511905
       322.00052       13.511945
       323.00081       13.511984
       324.00103       13.512024
       325.00119       13.512063
       326.00008       13.512102
       327.00013       13.512141
       328.00013       13.512179
       329.00010       13.512218
       330.00003       13.512256
       331.00115       13.512294
       332.00102       13.512333
       333.00087       13.512371
       334.00070       13.512408
       335.00052       13.512446
       336.00032       13.512483
       337.00011       13.512521
       338.00113       13.512558
       339.00091       13.512595
       340.00068       13.512631
       341.00046       13.512668
       342.00023       13.512704
       343.00001       13.512740
       344.00103       13.512776
       345.00081       13.512812
       346.00059       13.512847
       347.00038       13.512883
       348.00017       13.512918
       349.00121       13.512953
       350.00101       13.512987
       351.00081       13.513022
       352.00061       13.513056
       353.00040       13.513090
       354.00020       13.513123
       355.00125       13.513157
       356.00104       13.513190
       357.00083       13.513223
       358.00060       13.513256
       359.00036       13.513289
       360.00011       13.513321
       361.00111       13.513353
       362.00083       13.513385
       363.00052       13.513416
       364.00019       13.513447
       365.00110       13.513479
       366.00071       13.513509
       367.00029       13.513540
       368.00110       13.513570
       369.00060       13.513600
       370.00004       13.513630
       371.00072       13.513659
       372.00007       13.513688
       373.00064       13.513717
       374.00104       13.513746
       375.00078       13.513774
       376.00107       13.513802
       377.00062       13.513830
       378.00073       13.513858
       379.00011       13.513885
       380.00005       13.513912
       381.00056       13.513939
       382.00033       13.513965
       383.00067       13.513992
       384.00028       13.514017
       385.00046       13.514043
       386.00121       13.514069
       387.00124       13.514094
       388.00053       13.514118
       389.00040       13.514143
       390.00084       13.514167
       391.00056       13.514191
       392.00085       13.514215
       393.00041       13.514239
       394.00055       13.514262
       395.00126       13.514285
       396.00125       13.514307
       397.00051       13.514330
       398.00034       13.514352
       399.00075       13.514374
       400.00043       13.514396
       401.00069       13.514417
       402.00022       13.514438
       403.00033       13.514459
       404.00101       13.514479
       405.00095       13.514500
       406.00017       13.514520
       407.00127       13.514540
       408.00032       13.514559
       409.00125       13.514578
       410.00014       13.514598
       411.00091       13.514616
       412.00093       13.514635
       413.00021       13.514653
       414.00007       13.514671
       415.00049       13.514689
       416.00016       13.514707
       417.00041       13.514724
       418.00122       13.514741
       419.00128       13.514758
       420.00058       13.514775
       421.00045       13.514791
       422.00089       13.514807
       423.00056       13.514823
       424.00080       13.514839
       425.00028       13.514855
       426.00031       13.514870
       427.00091       13.514885
       428.00074       13.514900
       429.00113       13.514915
       430.00074       13.514929
       431.00091       13.514943
       432.00031       13.514957
       433.00026       13.514971
       434.00076       13.514985
       435.00048       13.514998
       436.00075       13.515011
       437.00024       13.515025
       438.00028       13.515037
       439.00086       13.515050
       440.00065       13.515062
       441.00099       13.515075
       442.00053       13.515087
       443.00061       13.515099
       444.00124       13.515110
       445.00106       13.515122
       446.00009       13.515133
       447.00099       13.515145
       448.00108       13.515156
       449.00037       13.515166
       450.00018       13.515177
       451.00053       13.515188
       452.00007       13.515198
       453.00013       13.515208
       454.00073       13.515218
       455.00050       13.515228
       456.00079       13.515238
       457.00026       13.515247
       458.00026       13.515257
       459.00077       13.515266
       460.00045       13.515275
       461.00066       13.515284
       462.00002       13.515293
       463.00125       13.515301
       464.00029       13.515310
       465.00120       13.515318
       466.00126       13.515327
       467.00048       13.515335
       468.00020       13.515343
       469.00043       13.515351
       470.00117       13.515358
       471.00105       13.515366
       472.00007       13.515373
       473.00095       13.515381
       474.00097       13.515388
       475.00013       13.515395
       476.00115       13.515402
       477.00129       13.515409
       478.00057       13.515416
       479.00034       13.515423
       480.00060       13.515429
       481.00134       13.515436
       482.00121       13.515442
       483.00020       13.515448
       484.00103       13.515454
       485.00099       13.515460
       486.00005       13.515466
       487.00096       13.515472
       488.00098       13.515478
       489.00010       13.515483
       490.00107       13.515489
       491.00114       13.515494
       492.00031       13.515500
       493.00132       13.515505
       494.00006       13.515510
       495.00063       13.515515
       496.00131       13.515520
       497.00006       13.515525
       498.00065       13.515530
       499.00032       13.515535
       500.00045       13.515539
       501.00103       13.515544
       502.00069       13.515548
       503.00081       13.515553
       504.00137       13.515557
       505.00101       13.515562
       506.00109       13.515566
       507.00024       13.515570
       508.00122       13.515574
       509.00126       13.515578
       510.00035       13.515582
       511.00127       13.515586
       512.00124       13.515590
       513.00027       13.515593
       514.00111       13.515597
       515.00101       13.515601
       516.00133       13.515604
       517.00070       13.515608
       518.00049       13.515611
       519.00071       13.515614
       520.00136       13.515618
       521.00104       13.515621
       522.00114       13.515624
       523.00027       13.515627
       524.00122       13.515630
       525.00118       13.515633
       526.00017       13.515636
       527.00096       13.515639
       528.00077       13.515642
       529.00099       13.515645
       530.00023       13.515648
       531.00126       13.515651
       532.00131       13.515653
       533.00036       13.515656
       534.00121       13.515659
       535.00106       13.515661
       536.00131       13.515664
       537.00056       13.515666
       538.00020       13.515669
       539.00023       13.515671
       540.00066       13.515673
       541.00007       13.515676
       542.00128       13.515678
       543.00006       13.515680
       544.00063       13.515682
       545.00018       13.515685
       546.00012       13.515687
       547.00043       13.515689
       548.00112       13.515691
       549.00078       13.515693
       550.00081       13.515695
       551.00122       13.515697
       552.00059       13.515699
       553.00033       13.515701
       554.00044       13.515702
       555.00091       13.515704
       556.00034       13.515706
       557.00013       13.515708
       558.00028       13.515710
       559.00079       13.515711
       560.00025       13.515713
       561.00006       13.515715
       562.00023       13.515716
       563.00075       13.515718
       564.00020       13.515719
       565.00001       13.515721
       566.00016       13.515723
       567.00066       13.515724
       568.00009       13.515725
       569.00128       13.515727
       570.00138       13.515728
       571.00036       13.515730
       572.00105       13.515731
       573.00061       13.515732
       574.00045       13.515734
       575.00058       13.515735
       576.00100       13.515736
       577.00028       13.515738
       578.00126       13.515739
       579.00110       13.515740
       580.00122       13.515741
       581.00020       13.515743
       582.00088       13.515744
       583.00041       13.515745
       584.00021       13.515746
       585.00029       13.515747
       586.00064       13.515748
       587.00126       13.515749
       588.00073       13.515750
       589.00046       13.515751
       590.00047       13.515752
       591.00074       13.515754
       592.00127       13.515755
       593.00064       13.515755
       594.00028       13.515756
       595.00017       13.515757
       596.00033       13.515758
       597.00074       13.515759
       598.00142       13.515760
       599.00092       13.515761
       600.00067       13.515762
       601.00069       13.515763
       602.00095       13.515764
       603.00004       13.515765
       604.00080       13.515765
       605.00039       13.515766
       606.00023       13.515767
       607.00031       13.515768
       608.00064       13.515769
       609.00121       13.515769
       610.00060       13.515770
       611.00023       13.515771
       612.00010       13.515772
       613.00021       13.515772
       614.00057       13.515773
       615.00116       13.515774
       616.00055       13.515774
       617.00018       13.515775
       618.00004       13.515776
       619.00014       13.515776
       620.00047       13.515777
       621.00103       13.515778
       622.00039       13.515778
       623.00142       13.515779
       624.00123       13.515780
       625.00128       13.515780
       626.00011       13.515781
       627.00060       13.515781
       628.00132       13.515782
       629.00083       13.515783
       630.00055       13.515783
       631.00050       13.515784
       632.00067       13.515784
       633.00106       13.515785
       634.00022       13.515785
       635.00104       13.515786
       636.00064       13.515786
       637.00045       13.515787
       638.00048       13.515787
       639.00072       13.515788
       640.00117       13.515788
       641.00038       13.515789
       642.00126       13.515789
       643.00089       13.515790
       644.00074       13.515790
       645.00079       13.515791
       646.00105       13.515791
       647.00006       13.515792
       648.00073       13.515792
       649.00015       13.515792
       650.00122       13.515793
       651.00105       13.515793
       652.00108       13.515794
       653.00130       13.515794
       654.00028       13.515795
       655.00090       13.515795
       656.00026       13.515795
       657.00128       13.515796
       658.00103       13.515796
       659.00098       13.515797
       660.00113       13.515797
       661.00001       13.515797
       662.00054       13.515798
       663.00125       13.515798
       664.00070       13.515798
       665.00034       13.515799
       666.00017       13.515799
       667.00018       13.515799
       668.00038       13.515800
       669.00076       13.515800
       670.00132       13.515801
       671.00061       13.515801
       672.00009       13.515801
       673.00119       13.515801
       674.00103       13.515802
       675.00104       13.515802
       676.00123       13.515802
       677.00014       13.515803
       678.00068       13.515803
       679.00140       13.515803
       680.00084       13.515804
       681.00045       13.515804
       682.00023       13.515804
       683.00018       13.515805
       684.00030       13.515805
       685.00059       13.515805
       686.00106       13.515805
       687.00023       13.515806
       688.00102       13.515806
       689.00053       13.515806
       690.00020       13.515807
       691.00004       13.515807
       692.00004       13.515807
       693.00020       13.515807
       694.00052       13.515808
       695.00101       13.515808
       696.00020       13.515808
       697.00100       13.515808
       698.00051       13.515809
       699.00017       13.515809
       700.00145       13.515809
       701.00142       13.515809
       702.00010       13.515810
       703.00038       13.515810
       704.00082       13.515810
       705.00141       13.515810
       706.00070       13.515810
       707.00014       13.515811
       708.00118       13.515811
       709.00092       13.515811
       710.00080       13.515811
       711.00084       13.515812
       712.00102       13.515812
       713.00135       13.515812
       714.00036       13.515812
       715.00098       13.515812
       716.00028       13.515813
       717.00119       13.515813
       718.00078       13.515813
       719.00051       13.515813
       720.00038       13.515813
       721.00039       13.515814
       722.00054       13.515814
       723.00083       13.515814
       724.00126       13.515814
       725.00036       13.515814
       726.00107       13.515815
       727.00045       13.515815
       728.00142       13.515815
       729.00107       13.515815
       730.00085       13.515815
       731.00076       13.515816
       732.00081       13.515816
       733.00099       13.515816
       734.00130       13.515816
       735.00028       13.515816
       736.00085       13.515817
       737.00008       13.515817
       738.00091       13.515817
       739.00040       13.515817
       740.00002       13.515817
       741.00123       13.515817
       742.00110       13.515818
       743.00109       13.515818
       744.00121       13.515818
       745.00145       13.515818
       746.00035       13.515818
       747.00084       13.515818
       748.00145       13.515819
       749.00071       13.515819
       750.00010       13.515819
       751.00107       13.515819
       752.00069       13.515819
       753.00043       13.515819
       754.00029       13.515820
       755.00027       13.515820
       756.00036       13.515820
       757.00057       13.515820
       758.00089       13.515820
       759.00133       13.515820
       760.00042       13.515820
       761.00108       13.515821
       762.00039       13.515821
       763.00128       13.515821
       764.00082       13.515821
       765.00046       13.515821
       766.00022       13.515821
       767.00008       13.515821
       768.00005       13.515822
       769.00014       13.515822
       770.00033       13.515822
       771.00063       13.515822
       772.00103       13.515822
       773.00007       13.515822
       774.00069       13.515822
       775.00141       13.515823
       776.00076       13.515823
       777.00022       13.515823
       778.00126       13.515823
       779.00092       13.515823
       780.00069       13.515823
       781.00056       13.515823
       782.00052       13.515824
       783.00059       13.515824
       784.00077       13.515824
       785.00103       13.515824
       786.00140       13.515824
       787.00040       13.515824
       788.00096       13.515824
       789.00015       13.515824
       790.00091       13.515825
       791.00029       13.515825
       792.00124       13.515825
       793.00081       13.515825
       794.00048       13.515825
       795.00024       13.515825
       796.00009       13.515825
       797.00004       13.515825
       798.00008       13.515826
       799.00021       13.515826
       800.00043       13.515826
       801.00075       13.515826
       802.00115       13.515826
       803.00017       13.515826
       804.00075       13.515826
       805.00143       13.515826
       806.00071       13.515827
       807.00008       13.515827
       808.00102       13.515827
       809.00057       13.515827
       810.00020       13.515827
       811.00140       13.515827
       812.00120       13.515827
       813.00109       13.515827
       814.00107       13.515827
       815.00113       13.515828
       816.00127       13.515828
       817.00002       13.515828
       818.00033       13.515828
       819.00072       13.515828
       820.00119       13.515828
       821.00026       13.515828
       822.00090       13.515828
       823.00014       13.515828
       824.00093       13.515829
       825.00033       13.515829
       826.00128       13.515829
       827.00083       13.515829
       828.00046       13.515829
       829.00017       13.515829
       830.00144       13.515829
       831.00130       13.515829
       832.00124       13.515829
       833.00125       13.515830
       834.00134       13.515830
       835.00003       13.515830
       836.00027       13.515830
       837.00058       13.515830
       838.00097       13.515830
       839.00143       13.515830
       840.00049       13.515830
       841.00109       13.515830
       842.00029       13.515830
       843.00104       13.515831
       844.00038       13.515831
       845.00127       13.515831
       846.00076       13.515831
       847.00031       13.515831
       848.00141       13.515831
       849.00110       13.515831
       850.00086       13.515831
       851.00069       13.515831
       852.00059       13.515831
       853.00055       13.515832
       854.00058       13.515832
       855.00068       13.515832
       856.00084       13.515832
       857.00107       13.515832
       858.00137       13.515832
       859.00025       13.515832
       860.00067       13.515832
       861.00116       13.515832
       862.00023       13.515832
       863.00085       13.515833
       864.00005       13.515833
       865.00080       13.515833
       866.00012       13.515833
       867.00099       13.515833
       868.00044       13.515833
       869.00143       13.515833
       870.00100       13.515833
       871.00064       13.515833
       872.00033       13.515833
       873.00008       13.515833
       874.00138       13.515834
       875.00125       13.515834
       876.00118       13.515834
       877.00117       13.515834
       878.00122       13.515834
       879.00130       13.515834
       880.00137       13.515834
       881.00143       13.515834
       882.00148       13.515834
       883.00003       13.515834
       884.00005       13.515834
       885.00006       13.515835
       886.00006       13.515835
       887.00005       13.515835
       888.00002       13.515835
       889.00147       13.515835
       890.00143       13.515835
       891.00137       13.515835
       892.00130       13.515835
       893.00122       13.515835
       894.00113       13.515835
       895.00103       13.515835
       896.00093       13.515836
       897.00081       13.515836
       898.00068       13.515836
       899.00054       13.515836
       900.00039       13.515836
       901.00024       13.515836
       902.00007       13.515836
       903.00138       13.515836
       904.00120       13.515836
       905.00101       13.515836
       906.00081       13.515836
       907.00060       13.515836
       908.00038       13.515837
       909.00016       13.515837
       910.00141       13.515837
       911.00117       13.515837
       912.00092       13.515837
       913.00067       13.515837
       914.00041       13.515837
       915.00014       13.515837
       916.00135       13.515837
       917.00106       13.515837
       918.00078       13.515837
       919.00048       13.515837
       920.00018       13.515837
       921.00136       13.515838
       922.00104       13.515838
       923.00072       13.515838
       924.00040       13.515838
       925.00007       13.515838
       926.00121       13.515838
       927.00087       13.515838
       928.00052       13.515838
       929.00017       13.515838
       930.00130       13.515838
       931.00094       13.515838
       932.00057       13.515838
       933.00020       13.515839
       934.00131       13.515839
       935.00093       13.515839
       936.00055       13.515839
       937.00016       13.515839
       938.00125       13.515839
       939.00086       13.515839
       940.00046       13.515839
       941.00006       13.515839
       942.00113       13.515839
       943.00072       13.515839
       944.00031       13.515839
       945.00138       13.515839
       946.00096       13.515839
       947.00054       13.515840
       948.00012       13.515840
       949.00118       13.515840
       950.00075       13.515840
       951.00032       13.515840
       952.00137       13.515840
       953.00093       13.515840
       954.00050       13.515840
       955.00006       13.515840
       956.00110       13.515840
       957.00066       13.515840
       958.00022       13.515840
       959.00126       13.515840
       960.00081       13.515841
       961.00036       13.515841
       962.00140       13.515841
       963.00095       13.515841
       964.00050       13.515841
       965.00005       13.515841
       966.00108       13.515841
       967.00063       13.515841
       968.00018       13.515841
       969.00121       13.515841
       970.00076       13.515841
       971.00030       13.515841
       972.00133       13.515841
       973.00088       13.515841
       974.00043       13.515842
       975.00146       13.515842
       976.00101       13.515842
       977.00056       13.515842
       978.00011       13.515842
       979.00114       13.515842
       980.00069       13.515842
       981.00024       13.515842
       982.00128       13.515842
       983.00083       13.515842
       984.00039       13.515842
       985.00143       13.515842
       986.00099       13.515842
       987.00054       13.515842
       988.00011       13.515842
       989.00115       13.515843
       990.00072       13.515843
       991.00028       13.515843
       992.00133       13.515843
       993.00090       13.515843
       994.00047       13.515843
       995.00005       13.515843
       996.00111       13.515843
       997.00069       13.515843
       998.00027       13.515843
       999.00134       13.515843
