## Ra=0
## Ta=0
## Ty=0
##  epsilon=0.4
##  Lambda=1.e9
## res_x=         128
## res_y=         128
## res_z=          72
##
       0.0000000       0.0000000
       1.0226633   7.1145635e-05
       2.0453356      0.12511607
       3.0005352       10.677393
       4.0016333       11.222791
       5.0007342       11.094461
       6.0006542       10.969319
       7.0004719       10.840750
       8.0008852       10.690126
       9.0017662       10.520605
       10.001393       10.388893
       11.001337       10.379604
       12.000727       10.469309
       13.000045       10.611062
       14.000362       10.743492
       15.000335       10.854156
       16.001188       10.935123
       17.000873       11.010571
       18.001672       11.079596
       19.001195       11.099882
       20.001852       11.129764
       21.001512       11.201173
       22.001250       11.223928
       23.001604       11.236624
       24.000223       11.246829
       25.001611       11.245210
       26.000694       11.232693
       27.001301       11.216863
       28.000561       11.196188
       29.001713       11.189431
       30.000995       11.220756
       31.001355       11.274771
       32.000935       11.293643
       33.000462       11.328793
       34.000805       11.397322
       35.001441       11.466185
       36.000516       11.516867
       37.001284       11.577054
       38.001986       11.631844
       39.000803       11.686556
       40.001216       11.710535
       41.000329       11.712930
       42.001185       11.712926
       43.000869       11.703458
       44.001643       11.691964
       45.000576       11.678687
       46.000356       11.665994
       47.000767       11.663801
       48.000760       11.660792
       49.000324       11.637089
       50.001850       11.611582
       51.001636       11.579105
       52.001160       11.560265
       53.001031       11.580030
       54.000844       11.611710
       55.000926       11.631296
       56.000499       11.648227
       57.001077       11.658530
       58.001793       11.667574
       59.001583       11.676657
       60.000318       11.690247
       61.001104       11.702080
       62.000360       11.709333
       63.001400       11.712559
       64.000987       11.707282
       65.000004       11.713240
       66.000149       11.739811
       67.001098       11.774677
       68.001746       11.817027
       69.001622       11.843019
       70.001181       11.884892
       71.001902       11.938873
       72.001836       11.980357
       73.000599       12.012762
       74.001097       12.026831
       75.000435       12.043423
       76.000731       12.063732
       77.001690       12.077736
       78.001577       12.088042
       79.000905       12.092860
       80.001256       12.095883
       81.001468       12.105585
       82.002037       12.123775
       83.000123       12.141489
       84.000734       12.131361
       85.000123       12.115157
       86.000972       12.103477
       87.000343       12.111148
       88.001876       12.135947
       89.000964       12.159125
       90.000480       12.186909
       91.000310       12.229939
       92.000997       12.269913
       93.000300       12.310043
       94.001942       12.333908
       95.000912       12.357828
       96.002154       12.424849
       97.001111       12.476447
       98.001927       12.491456
       99.000313       12.501027
       100.00057       12.507997
       101.00045       12.513243
       102.00194       12.517261
       103.00236       12.520355
       104.00144       12.522747
       105.00119       12.524603
       106.00127       12.526045
       107.00143       12.527164
       108.00141       12.528033
       109.00098       12.528708
       110.00238       12.529233
       111.00051       12.529640
       112.00010       12.529956
       113.00099       12.530202
       114.00059       12.530393
       115.00122       12.530541
       116.00029       12.530656
       117.00017       12.530745
       118.00075       12.530814
       119.00193       12.530868
       120.00118       12.530910
       121.00091       12.530942
       122.00109       12.530968
       123.00165       12.530987
       124.00008       12.531002
       125.00130       12.531014
       126.00031       12.531023
       127.00206       12.531030
       128.00152       12.531036
       129.00115       12.531040
       130.00094       12.531043
       131.00088       12.531046
       132.00093       12.531048
       133.00109       12.531049
       134.00135       12.531051
       135.00170       12.531051
       136.00211       12.531052
       137.00010       12.531053
       138.00064       12.531053
       139.00123       12.531054
       140.00187       12.531054
       141.00005       12.531054
       142.00075       12.531054
       143.00150       12.531054
       144.00226       12.531054
       145.00056       12.531054
       146.00137       12.531055
       147.00220       12.531055
       148.00055       12.531055
       149.00141       12.531055
       150.00229       12.531055
       151.00068       12.531055
       152.00157       12.531055
       153.00248       12.531055
       154.00089       12.531055
       155.00181       12.531055
       156.00024       12.531055
       157.00117       12.531055
       158.00210       12.531055
       159.00054       12.531055
       160.00149       12.531055
       161.00243       12.531055
       162.00088       12.531055
       163.00183       12.531055
       164.00029       12.531055
       165.00124       12.531055
       166.00220       12.531055
       167.00066       12.531055
       168.00162       12.531055
       169.00008       12.531055
       170.00104       12.531055
       171.00200       12.531055
       172.00047       12.531055
       173.00143       12.531055
       174.00240       12.531055
       175.00086       12.531055
       176.00183       12.531055
       177.00030       12.531055
       178.00126       12.531055
       179.00223       12.531055
       180.00070       12.531055
       181.00167       12.531055
       182.00014       12.531055
       183.00110       12.531055
       184.00207       12.531055
       185.00054       12.531055
       186.00151       12.531055
       187.00247       12.531055
       188.00095       12.531055
       189.00191       12.531055
       190.00038       12.531055
       191.00135       12.531055
       192.00232       12.531055
       193.00079       12.531055
       194.00176       12.531055
       195.00023       12.531055
       196.00120       12.531055
       197.00217       12.531055
       198.00064       12.531055
       199.00161       12.531055
       200.00008       12.531055
       201.00105       12.531055
       202.00202       12.531055
       203.00049       12.531055
       204.00146       12.531055
       205.00242       12.531055
       206.00090       12.531055
       207.00186       12.531055
       208.00034       12.531055
       209.00130       12.531055
       210.00227       12.531055
       211.00074       12.531055
       212.00171       12.531055
       213.00018       12.531055
       214.00115       12.531055
       215.00212       12.531055
       216.00059       12.531055
       217.00156       12.531055
       218.00003       12.531055
       219.00100       12.531055
       220.00197       12.531055
       221.00044       12.531055
       222.00141       12.531055
       223.00238       12.531055
       224.00085       12.531055
       225.00182       12.531055
       226.00029       12.531055
       227.00126       12.531055
       228.00223       12.531055
       229.00070       12.531055
       230.00167       12.531055
       231.00014       12.531055
       232.00111       12.531055
       233.00207       12.531055
       234.00055       12.531055
       235.00151       12.531055
       236.00248       12.531055
       237.00095       12.531055
       238.00192       12.531055
       239.00040       12.531055
       240.00136       12.531055
       241.00233       12.531055
       242.00080       12.531055
       243.00177       12.531055
       244.00024       12.531055
       245.00121       12.531055
       246.00218       12.531055
       247.00065       12.531055
       248.00162       12.531055
       249.00009       12.531055
       250.00106       12.531055
       251.00203       12.531055
       252.00050       12.531055
       253.00147       12.531055
       254.00244       12.531055
       255.00091       12.531055
       256.00188       12.531055
       257.00035       12.531055
       258.00132       12.531055
       259.00229       12.531055
       260.00076       12.531055
       261.00173       12.531055
       262.00020       12.531055
       263.00117       12.531055
       264.00213       12.531055
       265.00061       12.531055
       266.00157       12.531055
       267.00005       12.531055
       268.00102       12.531055
       269.00198       12.531055
       270.00046       12.531055
       271.00142       12.531055
       272.00239       12.531055
       273.00086       12.531055
       274.00183       12.531055
       275.00030       12.531055
       276.00127       12.531055
       277.00224       12.531055
       278.00071       12.531055
       279.00168       12.531055
       280.00015       12.531055
       281.00112       12.531055
       282.00209       12.531055
       283.00056       12.531055
       284.00153       12.531055
       285.00000       12.531055
       286.00097       12.531055
       287.00194       12.531055
       288.00041       12.531055
       289.00138       12.531055
       290.00235       12.531055
       291.00082       12.531055
       292.00179       12.531055
       293.00026       12.531055
       294.00123       12.531055
       295.00219       12.531055
       296.00067       12.531055
       297.00164       12.531055
       298.00011       12.531055
       299.00108       12.531055
       300.00204       12.531055
       301.00052       12.531055
       302.00148       12.531055
       303.00245       12.531055
       304.00092       12.531055
       305.00189       12.531055
       306.00036       12.531055
       307.00133       12.531055
       308.00230       12.531055
       309.00077       12.531055
       310.00174       12.531055
       311.00021       12.531055
       312.00118       12.531055
       313.00215       12.531055
       314.00062       12.531055
       315.00159       12.531055
       316.00006       12.531055
       317.00103       12.531055
       318.00200       12.531055
       319.00047       12.531055
       320.00144       12.531055
       321.00241       12.531055
       322.00088       12.531055
       323.00185       12.531055
       324.00032       12.531055
       325.00129       12.531055
       326.00226       12.531055
       327.00073       12.531055
       328.00170       12.531055
       329.00017       12.531055
       330.00114       12.531055
       331.00210       12.531055
       332.00058       12.531055
       333.00154       12.531055
       334.00002       12.531055
       335.00098       12.531055
       336.00195       12.531055
       337.00042       12.531055
       338.00139       12.531055
       339.00236       12.531055
       340.00083       12.531055
       341.00180       12.531055
       342.00027       12.531055
       343.00124       12.531055
       344.00221       12.531055
       345.00068       12.531055
       346.00165       12.531055
       347.00012       12.531055
       348.00109       12.531055
       349.00206       12.531055
       350.00053       12.531055
       351.00150       12.531055
       352.00247       12.531055
       353.00094       12.531055
       354.00191       12.531055
       355.00038       12.531055
       356.00135       12.531055
       357.00232       12.531055
       358.00079       12.531055
       359.00176       12.531055
       360.00023       12.531055
       361.00120       12.531055
       362.00216       12.531055
       363.00064       12.531055
       364.00160       12.531055
       365.00008       12.531055
       366.00104       12.531055
       367.00201       12.531055
       368.00048       12.531055
       369.00145       12.531055
       370.00242       12.531055
       371.00089       12.531055
       372.00186       12.531055
       373.00033       12.531055
       374.00130       12.531055
       375.00227       12.531055
       376.00074       12.531055
       377.00171       12.531055
       378.00018       12.531055
       379.00115       12.531055
       380.00212       12.531055
       381.00059       12.531055
       382.00156       12.531055
       383.00003       12.531055
       384.00100       12.531055
       385.00197       12.531055
       386.00044       12.531055
       387.00141       12.531055
       388.00238       12.531055
       389.00085       12.531055
       390.00182       12.531055
       391.00029       12.531055
       392.00126       12.531055
       393.00222       12.531055
       394.00070       12.531055
       395.00166       12.531055
       396.00014       12.531055
       397.00110       12.531055
       398.00207       12.531055
       399.00055       12.531055
       400.00151       12.531055
       401.00248       12.531055
       402.00095       12.531055
       403.00192       12.531055
       404.00039       12.531055
       405.00136       12.531055
       406.00233       12.531055
       407.00080       12.531055
       408.00177       12.531055
       409.00024       12.531055
       410.00121       12.531055
       411.00218       12.531055
       412.00065       12.531055
       413.00162       12.531055
       414.00009       12.531055
       415.00106       12.531055
       416.00203       12.531055
       417.00050       12.531055
       418.00147       12.531055
       419.00244       12.531055
       420.00091       12.531055
       421.00188       12.531055
       422.00035       12.531055
       423.00132       12.531055
       424.00228       12.531055
       425.00076       12.531055
       426.00172       12.531055
       427.00020       12.531055
       428.00117       12.531055
       429.00213       12.531055
       430.00061       12.531055
       431.00157       12.531055
       432.00005       12.531055
       433.00101       12.531055
       434.00198       12.531055
       435.00045       12.531055
       436.00142       12.531055
       437.00239       12.531055
       438.00086       12.531055
       439.00183       12.531055
       440.00030       12.531055
       441.00127       12.531055
       442.00224       12.531055
       443.00071       12.531055
       444.00168       12.531055
       445.00015       12.531055
       446.00112       12.531055
       447.00209       12.531055
       448.00056       12.531055
       449.00153       12.531055
       450.00000       12.531055
       451.00097       12.531055
       452.00194       12.531055
       453.00041       12.531055
       454.00138       12.531055
       455.00234       12.531055
       456.00082       12.531055
       457.00179       12.531055
       458.00026       12.531055
       459.00123       12.531055
       460.00219       12.531055
       461.00067       12.531055
       462.00163       12.531055
       463.00011       12.531055
       464.00107       12.531055
       465.00204       12.531055
       466.00051       12.531055
       467.00148       12.531055
       468.00245       12.531055
       469.00092       12.531055
       470.00189       12.531055
       471.00036       12.531055
       472.00133       12.531055
       473.00230       12.531055
       474.00077       12.531055
       475.00174       12.531055
       476.00021       12.531055
       477.00118       12.531055
       478.00215       12.531055
       479.00062       12.531055
       480.00159       12.531055
       481.00006       12.531055
       482.00103       12.531055
       483.00200       12.531055
       484.00047       12.531055
       485.00144       12.531055
       486.00241       12.531055
       487.00088       12.531055
       488.00185       12.531055
       489.00032       12.531055
       490.00129       12.531055
       491.00225       12.531055
       492.00073       12.531055
       493.00169       12.531055
       494.00017       12.531055
       495.00113       12.531055
       496.00210       12.531055
       497.00057       12.531055
       498.00154       12.531055
       499.00001       12.531055
       500.00098       12.531055
       501.00195       12.531055
       502.00042       12.531055
       503.00139       12.531055
       504.00236       12.531055
       505.00083       12.531055
       506.00180       12.531055
       507.00027       12.531055
       508.00124       12.531055
       509.00221       12.531055
       510.00068       12.531055
       511.00165       12.531055
       512.00012       12.531055
       513.00109       12.531055
       514.00206       12.531055
       515.00053       12.531055
       516.00150       12.531055
       517.00247       12.531055
       518.00094       12.531055
       519.00191       12.531055
       520.00038       12.531055
       521.00135       12.531055
       522.00231       12.531055
       523.00079       12.531055
       524.00175       12.531055
       525.00023       12.531055
       526.00119       12.531055
       527.00216       12.531055
       528.00063       12.531055
       529.00160       12.531055
       530.00008       12.531055
       531.00104       12.531055
       532.00201       12.531055
       533.00048       12.531055
       534.00145       12.531055
       535.00242       12.531055
       536.00089       12.531055
       537.00186       12.531055
       538.00033       12.531055
       539.00130       12.531055
       540.00227       12.531055
       541.00074       12.531055
       542.00171       12.531055
       543.00018       12.531055
       544.00115       12.531055
       545.00212       12.531055
       546.00059       12.531055
       547.00156       12.531055
       548.00003       12.531055
       549.00100       12.531055
       550.00197       12.531055
       551.00044       12.531055
       552.00141       12.531055
       553.00237       12.531055
       554.00085       12.531055
       555.00181       12.531055
       556.00029       12.531055
       557.00125       12.531055
       558.00222       12.531055
       559.00070       12.531055
       560.00166       12.531055
       561.00014       12.531055
       562.00110       12.531055
       563.00207       12.531055
       564.00054       12.531055
       565.00151       12.531055
       566.00248       12.531055
       567.00095       12.531055
       568.00192       12.531055
       569.00039       12.531055
       570.00136       12.531055
       571.00233       12.531055
       572.00080       12.531055
       573.00177       12.531055
       574.00024       12.531055
       575.00121       12.531055
       576.00218       12.531055
       577.00065       12.531055
       578.00162       12.531055
       579.00009       12.531055
       580.00106       12.531055
       581.00203       12.531055
       582.00050       12.531055
       583.00147       12.531055
       584.00243       12.531055
       585.00091       12.531055
       586.00187       12.531055
       587.00035       12.531055
       588.00132       12.531055
       589.00228       12.531055
       590.00076       12.531055
       591.00172       12.531055
       592.00020       12.531055
       593.00116       12.531055
       594.00213       12.531055
       595.00060       12.531055
       596.00157       12.531055
       597.00004       12.531055
       598.00101       12.531055
       599.00198       12.531055
       600.00045       12.531055
       601.00142       12.531055
       602.00239       12.531055
       603.00086       12.531055
       604.00183       12.531055
       605.00030       12.531055
       606.00127       12.531055
       607.00224       12.531055
       608.00071       12.531055
       609.00168       12.531055
       610.00015       12.531055
       611.00112       12.531055
       612.00209       12.531055
       613.00056       12.531055
       614.00153       12.531055
       615.00250       12.531055
       616.00097       12.531055
       617.00194       12.531055
       618.00041       12.531055
       619.00138       12.531055
       620.00234       12.531055
       621.00082       12.531055
       622.00178       12.531055
       623.00026       12.531055
       624.00122       12.531055
       625.00219       12.531055
       626.00066       12.531055
       627.00163       12.531055
       628.00010       12.531055
       629.00107       12.531055
       630.00204       12.531055
       631.00051       12.531055
       632.00148       12.531055
       633.00245       12.531055
       634.00092       12.531055
       635.00189       12.531055
       636.00036       12.531055
       637.00133       12.531055
       638.00230       12.531055
       639.00077       12.531055
       640.00174       12.531055
       641.00021       12.531055
       642.00118       12.531055
       643.00215       12.531055
       644.00062       12.531055
       645.00159       12.531055
       646.00006       12.531055
       647.00103       12.531055
       648.00200       12.531055
       649.00047       12.531055
       650.00144       12.531055
       651.00240       12.531055
       652.00088       12.531055
       653.00184       12.531055
       654.00032       12.531055
       655.00128       12.531055
       656.00225       12.531055
       657.00072       12.531055
       658.00169       12.531055
       659.00016       12.531055
       660.00113       12.531055
       661.00210       12.531055
       662.00057       12.531055
       663.00154       12.531055
       664.00001       12.531055
       665.00098       12.531055
       666.00195       12.531055
       667.00042       12.531055
       668.00139       12.531055
       669.00236       12.531055
       670.00083       12.531055
       671.00180       12.531055
       672.00027       12.531055
       673.00124       12.531055
       674.00221       12.531055
       675.00068       12.531055
       676.00165       12.531055
       677.00012       12.531055
       678.00109       12.531055
       679.00206       12.531055
       680.00053       12.531055
       681.00150       12.531055
       682.00246       12.531055
       683.00094       12.531055
       684.00190       12.531055
       685.00038       12.531055
       686.00134       12.531055
       687.00231       12.531055
       688.00078       12.531055
       689.00175       12.531055
       690.00023       12.531055
       691.00119       12.531055
       692.00216       12.531055
       693.00063       12.531055
       694.00160       12.531055
       695.00007       12.531055
       696.00104       12.531055
       697.00201       12.531055
       698.00048       12.531055
       699.00145       12.531055
       700.00242       12.531055
       701.00089       12.531055
       702.00186       12.531055
       703.00033       12.531055
       704.00130       12.531055
       705.00227       12.531055
       706.00074       12.531055
       707.00171       12.531055
       708.00018       12.531055
       709.00115       12.531055
       710.00212       12.531055
       711.00059       12.531055
       712.00156       12.531055
       713.00003       12.531055
       714.00100       12.531055
       715.00196       12.531055
       716.00044       12.531055
       717.00141       12.531055
       718.00237       12.531055
       719.00085       12.531055
       720.00181       12.531055
       721.00029       12.531055
       722.00125       12.531055
       723.00222       12.531055
       724.00069       12.531055
       725.00166       12.531055
       726.00013       12.531055
       727.00110       12.531055
       728.00207       12.531055
       729.00054       12.531055
       730.00151       12.531055
       731.00248       12.531055
       732.00095       12.531055
       733.00192       12.531055
       734.00039       12.531055
       735.00136       12.531055
       736.00233       12.531055
       737.00080       12.531055
       738.00177       12.531055
       739.00024       12.531055
       740.00121       12.531055
       741.00218       12.531055
       742.00065       12.531055
       743.00162       12.531055
       744.00009       12.531055
       745.00106       12.531055
       746.00203       12.531055
       747.00050       12.531055
       748.00147       12.531055
       749.00243       12.531055
       750.00091       12.531055
       751.00187       12.531055
       752.00035       12.531055
       753.00131       12.531055
       754.00228       12.531055
       755.00075       12.531055
       756.00172       12.531055
       757.00019       12.531055
       758.00116       12.531055
       759.00213       12.531055
       760.00060       12.531055
       761.00157       12.531055
       762.00004       12.531055
       763.00101       12.531055
       764.00198       12.531055
       765.00045       12.531055
       766.00142       12.531055
       767.00239       12.531055
       768.00086       12.531055
       769.00183       12.531055
       770.00030       12.531055
       771.00127       12.531055
       772.00224       12.531055
       773.00071       12.531055
       774.00168       12.531055
       775.00015       12.531055
       776.00112       12.531055
       777.00209       12.531055
       778.00056       12.531055
       779.00153       12.531055
       780.00249       12.531055
       781.00097       12.531055
       782.00193       12.531055
       783.00041       12.531055
       784.00137       12.531055
       785.00234       12.531055
       786.00081       12.531055
       787.00178       12.531055
       788.00025       12.531055
       789.00122       12.531055
       790.00219       12.531055
       791.00066       12.531055
       792.00163       12.531055
       793.00010       12.531055
       794.00107       12.531055
       795.00204       12.531055
       796.00051       12.531055
       797.00148       12.531055
       798.00245       12.531055
       799.00092       12.531055
       800.00189       12.531055
       801.00036       12.531055
       802.00133       12.531055
       803.00230       12.531055
       804.00077       12.531055
       805.00174       12.531055
       806.00021       12.531055
       807.00118       12.531055
       808.00215       12.531055
       809.00062       12.531055
       810.00159       12.531055
       811.00006       12.531055
       812.00103       12.531055
       813.00199       12.531055
       814.00047       12.531055
       815.00143       12.531055
       816.00240       12.531055
       817.00087       12.531055
       818.00184       12.531055
       819.00031       12.531055
       820.00128       12.531055
       821.00225       12.531055
       822.00072       12.531055
       823.00169       12.531055
       824.00016       12.531055
       825.00113       12.531055
       826.00210       12.531055
       827.00057       12.531055
       828.00154       12.531055
       829.00001       12.531055
       830.00098       12.531055
       831.00195       12.531055
       832.00042       12.531055
       833.00139       12.531055
       834.00236       12.531055
       835.00083       12.531055
       836.00180       12.531055
       837.00027       12.531055
       838.00124       12.531055
       839.00221       12.531055
       840.00068       12.531055
       841.00165       12.531055
       842.00012       12.531055
       843.00109       12.531055
       844.00205       12.531055
       845.00053       12.531055
       846.00149       12.531055
       847.00246       12.531055
       848.00094       12.531055
       849.00190       12.531055
       850.00038       12.531055
       851.00134       12.531055
       852.00231       12.531055
       853.00078       12.531055
       854.00175       12.531055
       855.00022       12.531055
       856.00119       12.531055
       857.00216       12.531055
       858.00063       12.531055
       859.00160       12.531055
       860.00007       12.531055
       861.00104       12.531055
       862.00201       12.531055
       863.00048       12.531055
       864.00145       12.531055
       865.00242       12.531055
       866.00089       12.531055
       867.00186       12.531055
       868.00033       12.531055
       869.00130       12.531055
       870.00227       12.531055
       871.00074       12.531055
       872.00171       12.531055
       873.00018       12.531055
       874.00115       12.531055
       875.00211       12.531055
       876.00059       12.531055
       877.00156       12.531055
       878.00003       12.531055
       879.00100       12.531055
       880.00196       12.531055
       881.00044       12.531055
       882.00140       12.531055
       883.00237       12.531055
       884.00084       12.531055
       885.00181       12.531055
       886.00028       12.531055
       887.00125       12.531055
       888.00222       12.531055
       889.00069       12.531055
       890.00166       12.531055
       891.00013       12.531055
       892.00110       12.531055
       893.00207       12.531055
       894.00054       12.531055
       895.00151       12.531055
       896.00248       12.531055
       897.00095       12.531055
       898.00192       12.531055
       899.00039       12.531055
       900.00136       12.531055
       901.00233       12.531055
       902.00080       12.531055
       903.00177       12.531055
       904.00024       12.531055
       905.00121       12.531055
       906.00218       12.531055
       907.00065       12.531055
       908.00162       12.531055
       909.00009       12.531055
       910.00106       12.531055
       911.00202       12.531055
       912.00050       12.531055
       913.00146       12.531055
       914.00243       12.531055
       915.00090       12.531055
       916.00187       12.531055
       917.00034       12.531055
       918.00131       12.531055
       919.00228       12.531055
       920.00075       12.531055
       921.00172       12.531055
       922.00019       12.531055
       923.00116       12.531055
       924.00213       12.531055
       925.00060       12.531055
       926.00157       12.531055
       927.00004       12.531055
       928.00101       12.531055
       929.00198       12.531055
       930.00045       12.531055
       931.00142       12.531055
       932.00239       12.531055
       933.00086       12.531055
       934.00183       12.531055
       935.00030       12.531055
       936.00127       12.531055
       937.00224       12.531055
       938.00071       12.531055
       939.00168       12.531055
       940.00015       12.531055
       941.00112       12.531055
       942.00208       12.531055
       943.00056       12.531055
       944.00152       12.531055
       945.00249       12.531055
       946.00096       12.531055
       947.00193       12.531055
       948.00040       12.531055
       949.00137       12.531055
       950.00234       12.531055
       951.00081       12.531055
       952.00178       12.531055
       953.00025       12.531055
       954.00122       12.531055
       955.00219       12.531055
       956.00066       12.531055
       957.00163       12.531055
       958.00010       12.531055
       959.00107       12.531055
       960.00204       12.531055
       961.00051       12.531055
       962.00148       12.531055
       963.00245       12.531055
       964.00092       12.531055
       965.00189       12.531055
       966.00036       12.531055
       967.00133       12.531055
       968.00230       12.531055
       969.00077       12.531055
       970.00174       12.531055
       971.00021       12.531055
       972.00118       12.531055
       973.00214       12.531055
       974.00062       12.531055
       975.00158       12.531055
       976.00006       12.531055
       977.00102       12.531055
       978.00199       12.531055
       979.00047       12.531055
       980.00143       12.531055
       981.00240       12.531055
       982.00087       12.531055
       983.00184       12.531055
       984.00031       12.531055
       985.00128       12.531055
       986.00225       12.531055
       987.00072       12.531055
       988.00169       12.531055
       989.00016       12.531055
       990.00113       12.531055
       991.00210       12.531055
       992.00057       12.531055
       993.00154       12.531055
       994.00001       12.531055
       995.00098       12.531055
       996.00195       12.531055
       997.00042       12.531055
       998.00139       12.531055
       999.00236       12.531055
